{"sbj_id":{"0":"sub-032485","1":"sub-032449","2":"sub-032362","3":"sub-032344","4":"sub-032470","5":"sub-032501","6":"sub-032397","7":"sub-032423","8":"sub-032471","9":"sub-032422","10":"sub-032484","11":"sub-032363","12":"sub-032330","13":"sub-032389","14":"sub-032345","15":"sub-032402","16":"sub-032390","17":"sub-032506","18":"sub-032520","19":"sub-032424","20":"sub-032451","21":"sub-032365","22":"sub-032482","23":"sub-032468","24":"sub-032364","25":"sub-032483","26":"sub-032342","27":"sub-032469","28":"sub-032391","29":"sub-032403","30":"sub-032507","31":"sub-032476","32":"sub-032328","33":"sub-032521","34":"sub-032425","35":"sub-032495","36":"sub-032354","37":"sub-032387","38":"sub-032511","39":"sub-032433","40":"sub-032446","41":"sub-032510","42":"sub-032432","43":"sub-032494","44":"sub-032516","45":"sub-032412","46":"sub-032380","47":"sub-032434","48":"sub-032492","49":"sub-032375","50":"sub-032478","51":"sub-032353","52":"sub-032479","53":"sub-032508","54":"sub-032517","55":"sub-032381","56":"sub-032413","57":"sub-032440","58":"sub-032487","59":"sub-032360","60":"sub-032472","61":"sub-032359","62":"sub-032503","63":"sub-032421","64":"sub-032473","65":"sub-032406","66":"sub-032358","67":"sub-032502","68":"sub-032499","69":"sub-032455","70":"sub-032524","71":"sub-032420","72":"sub-032486","73":"sub-032361","74":"sub-032504","75":"sub-032400","76":"sub-032522","77":"sub-032453","78":"sub-032480","79":"sub-032334","80":"sub-032366","81":"sub-032505","82":"sub-032393","83":"sub-032474","84":"sub-032523","85":"sub-032370","86":"sub-032497","87":"sub-032408","88":"sub-032356","89":"sub-032349","90":"sub-032417","91":"sub-032385","92":"sub-032348","93":"sub-032416","94":"sub-032489","95":"sub-032371","96":"sub-032496","97":"sub-032304","98":"sub-032409","99":"sub-032465","100":"sub-032410","101":"sub-032368","102":"sub-032436","103":"sub-032377","104":"sub-032369","105":"sub-032437"},"cluster_lbl":{"0":1,"1":3,"2":3,"3":0,"4":3,"5":3,"6":2,"7":0,"8":0,"9":0,"10":1,"11":2,"12":2,"13":0,"14":3,"15":2,"16":3,"17":3,"18":0,"19":3,"20":4,"21":2,"22":1,"23":3,"24":2,"25":4,"26":1,"27":3,"28":3,"29":2,"30":3,"31":0,"32":2,"33":3,"34":0,"35":4,"36":3,"37":0,"38":3,"39":3,"40":0,"41":3,"42":0,"43":1,"44":0,"45":0,"46":4,"47":0,"48":4,"49":1,"50":3,"51":3,"52":4,"53":0,"54":0,"55":2,"56":3,"57":3,"58":1,"59":0,"60":0,"61":3,"62":3,"63":0,"64":2,"65":0,"66":3,"67":3,"68":3,"69":4,"70":3,"71":0,"72":1,"73":0,"74":0,"75":2,"76":0,"77":1,"78":0,"79":2,"80":2,"81":3,"82":1,"83":1,"84":3,"85":2,"86":1,"87":3,"88":2,"89":3,"90":3,"91":2,"92":0,"93":0,"94":1,"95":2,"96":1,"97":0,"98":3,"99":1,"100":3,"101":2,"102":3,"103":1,"104":1,"105":3},"part_corr":{"0":[[1.0,0.4705794752,0.0801998228,0.0443166681],[0.4705794752,1.0,0.3719113767,0.5743699074],[0.0801998079,0.3719113767,1.0,-0.0904064551],[0.0443166643,0.5743699074,-0.090406388,1.0]],"1":[[1.0,-0.133837238,0.4502499402,0.4549708068],[-0.133837238,1.0,0.3452436328,0.4193597734],[0.4502498806,0.3452436626,1.0,0.0773856416],[0.4549708068,0.4193597436,0.0773856416,1.0]],"2":[[1.0,0.1263639182,0.3842678964,0.5277336836],[0.1263639182,1.0,0.2861321867,0.2908015847],[0.3842678964,0.2861321568,1.0,0.0414798222],[0.5277337432,0.2908015847,0.0414798222,1.0]],"3":[[1.0,0.3502023816,0.310988456,0.682602942],[0.3502025008,1.0,0.3730595112,0.1706032902],[0.3109883368,0.3730595708,1.0,-0.2888270319],[0.682602942,0.1706033349,-0.2888271511,1.0]],"4":[[1.0,0.1075809672,0.1753578186,0.4030631781],[0.1075809747,1.0,0.5079442859,0.252889812],[0.1753578186,0.5079443455,1.0,0.077060014],[0.4030631483,0.252889812,0.077060014,1.0]],"5":[[1.0,0.1627098173,0.218132928,0.2430627793],[0.1627097875,1.0,0.7112088203,0.3837985694],[0.2181328982,0.7112089992,1.0,-0.1771847308],[0.2430627346,0.383798629,-0.1771847457,1.0]],"6":[[1.0,0.2377269566,0.2151669562,0.1528445482],[0.2377269268,1.0,0.6368535757,0.4998985529],[0.2151669264,0.6368535757,1.0,-0.1655509621],[0.1528445035,0.4998984933,-0.1655509621,1.0]],"7":[[1.0,0.2796984315,0.4501762986,0.3692275882],[0.2796984315,1.0,0.2264529169,0.4708802104],[0.4501763284,0.226452902,1.0,-0.223299697],[0.3692275882,0.4708802104,-0.223299697,1.0]],"8":[[1.0,0.3676303029,0.1972679347,0.3758127391],[0.3676302433,1.0,0.5964109302,0.1571536958],[0.1972679943,0.5964108109,1.0,-0.0183619745],[0.3758127391,0.1571536958,-0.0183619745,1.0]],"9":[[1.0,0.0994037092,0.4046528935,0.7412871122],[0.0994036347,1.0,0.6197456717,0.1995783597],[0.4046529531,0.6197456121,1.0,-0.393419683],[0.7412871718,0.1995783001,-0.3934196532,1.0]],"10":[[1.0,0.0495725721,0.5147936344,0.2991955876],[0.0495727286,1.0,0.5584161878,-0.0084488057],[0.5147935152,0.5584163666,1.0,0.2128957659],[0.2991956472,-0.0084487256,0.2128956467,1.0]],"11":[[1.0,0.268008858,0.2951015532,0.6098252535],[0.2680088282,1.0,0.6120287776,-0.0767566264],[0.2951015532,0.6120287776,1.0,-0.0853708088],[0.6098253131,-0.0767565891,-0.0853708684,1.0]],"12":[[1.0,0.2784656882,0.292963773,0.1645935774],[0.278465718,1.0,0.6033135653,0.3880399764],[0.2929638028,0.6033136249,1.0,-0.0958801806],[0.1645935923,0.3880399466,-0.0958801806,1.0]],"13":[[1.0,0.1301778704,0.2220604271,0.3488805294],[0.1301778853,1.0,0.6803179383,0.0751828253],[0.2220604718,0.6803179383,1.0,0.2308478206],[0.3488805294,0.075182803,0.2308478057,1.0]],"14":[[1.0,0.4046281874,0.0557233915,0.436313808],[0.4046282768,1.0,0.6378096938,0.2860811949],[0.0557232983,0.6378096938,1.0,-0.1687743366],[0.4363137186,0.2860813737,-0.1687744707,1.0]],"15":[[1.0,-0.0027511285,0.5292730331,0.5062142015],[-0.0027511797,1.0,0.5005571842,0.5263941288],[0.5292730927,0.5005571246,1.0,-0.2862152457],[0.5062141418,0.52639395,-0.2862151563,1.0]],"16":[[1.0,0.384752363,0.3185247779,0.3491844535],[0.3847524226,1.0,0.4267202914,0.0671608001],[0.3185247481,0.4267202914,1.0,-0.1185456961],[0.3491844535,0.0671607926,-0.1185457036,1.0]],"17":[[1.0,0.1767893881,0.4966880083,0.4137633443],[0.1767893881,1.0,0.4965561628,-0.015390398],[0.4966880083,0.4965561628,1.0,0.1954847574],[0.4137633443,-0.0153903877,0.1954847425,1.0]],"18":[[1.0,0.3587482274,0.2674744129,0.6590977907],[0.3587481976,1.0,0.4693442881,0.2055411041],[0.2674743831,0.4693443179,1.0,-0.2893698514],[0.6590978503,0.2055411041,-0.2893698514,1.0]],"19":[[1.0,0.2059602737,0.1665252,0.3653542399],[0.2059602439,1.0,0.7667000294,0.0192918181],[0.1665252149,0.766700089,1.0,-0.1513139457],[0.3653542995,0.0192918014,-0.1513139457,1.0]],"20":[[1.0,0.3661270142,0.1408611685,0.2954472601],[0.3661269248,1.0,0.6481212378,0.3664731681],[0.140861243,0.6481211782,1.0,-0.3611058891],[0.2954472601,0.3664731681,-0.3611058593,1.0]],"21":[[1.0,0.136118561,0.565527916,0.4111963212],[0.136118561,1.0,0.2519782782,0.353351146],[0.565527916,0.2519782484,1.0,-0.1339015365],[0.4111963212,0.353351146,-0.1339015514,1.0]],"22":[[1.0,0.2233704776,0.526681602,0.6987046599],[0.2233705372,1.0,0.3477118313,0.0805469155],[0.5266815424,0.3477118611,1.0,-0.2839835286],[0.6987046003,0.0805470422,-0.2839835286,1.0]],"23":[[1.0,0.1945114881,0.1634886116,0.532967329],[0.1945114583,1.0,0.6045084,0.3119632304],[0.1634885371,0.6045083404,1.0,-0.0465356968],[0.5329673886,0.3119633198,-0.0465358309,1.0]],"24":[[1.0,0.2833273113,0.3619596064,0.749098897],[0.2833274007,1.0,0.4306819141,0.0922899917],[0.3619596064,0.4306819439,1.0,-0.2322907448],[0.7490988374,0.0922901183,-0.2322907299,1.0]],"25":[[1.0,0.1442153454,0.2528214753,0.7269908786],[0.1442153156,1.0,0.5056176782,0.0123748444],[0.2528214455,0.5056177378,1.0,0.0203563161],[0.7269909382,0.0123747736,0.0203563161,1.0]],"26":[[1.0,0.2125198841,0.0489010215,0.3842869103],[0.2125198841,1.0,0.6951975226,0.2901261449],[0.0489010923,0.6951974034,1.0,-0.116575256],[0.3842869103,0.2901261747,-0.1165752634,1.0]],"27":[[1.0,0.2736949027,0.3494355381,0.3116309345],[0.2736948729,1.0,0.2096030861,0.2035261691],[0.3494355381,0.209603101,1.0,0.0471182056],[0.3116309345,0.2035261989,0.0471182056,1.0]],"28":[[1.0,0.0800365284,0.525657177,0.5143728852],[0.0800365508,1.0,0.4427852631,0.2877400219],[0.525657177,0.4427853823,1.0,-0.1918305755],[0.514372766,0.2877400517,-0.1918305159,1.0]],"29":[[1.0,0.4379931092,0.258402437,0.5779300928],[0.43799299,1.0,0.4169696569,0.1755285114],[0.2584024966,0.4169695377,1.0,-0.195590049],[0.5779300928,0.1755284816,-0.195590049,1.0]],"30":[[1.0,0.3437745571,0.3709098101,0.4361344576],[0.3437746763,1.0,0.4091888368,0.2642091513],[0.3709097207,0.4091890156,1.0,-0.1578674167],[0.4361344278,0.2642092407,-0.1578674167,1.0]],"31":[[1.0,0.4350143969,0.0913008824,0.4789023697],[0.4350143671,1.0,0.6173055768,0.1074686646],[0.0913009718,0.6173055172,1.0,-0.0673305169],[0.4789023995,0.1074685827,-0.0673303977,1.0]],"32":[[1.0,0.1407407224,0.1538614631,0.4270069599],[0.1407408267,1.0,0.6198093295,0.2844231725],[0.1538614333,0.6198093295,1.0,0.0301964208],[0.4270069301,0.2844232619,0.0301963314,1.0]],"33":[[1.0,0.3371543288,0.2548116744,0.4581880867],[0.3371542096,1.0,0.4062947631,0.124066323],[0.254811734,0.4062947631,1.0,-0.0091705304],[0.4581880867,0.1240663156,-0.0091705313,1.0]],"34":[[1.0,0.2892702818,0.0569806658,0.6032252312],[0.2892702222,1.0,0.5596126914,0.108341217],[0.0569808036,0.559612751,1.0,0.159760341],[0.603225112,0.1083410606,0.1597606093,1.0]],"35":[[1.0,0.3569068015,0.0875328928,0.7259394526],[0.3569068015,1.0,0.5931892991,-0.017677715],[0.0875328928,0.5931893587,1.0,-0.0374996513],[0.7259395123,-0.0176777113,-0.0374996513,1.0]],"36":[[1.0,0.0764549375,0.2177274376,0.6865035892],[0.0764549002,1.0,0.5256745815,0.2774159312],[0.2177274376,0.5256745815,1.0,-0.0404566377],[0.6865035295,0.2774159312,-0.040456634,1.0]],"37":[[1.0,-0.0219523273,0.2762847841,0.615434885],[-0.0219523292,1.0,0.666108191,-0.0421597399],[0.2762848735,0.666108191,1.0,0.1860455275],[0.615434885,-0.0421597995,0.1860456169,1.0]],"38":[[1.0,0.31415838,0.1419855803,0.6176324487],[0.3141583502,1.0,0.636009872,0.2641193569],[0.1419855952,0.636009872,1.0,-0.3938049376],[0.6176325083,0.2641193867,-0.3938049674,1.0]],"39":[[1.0,0.5502451062,0.3171115518,0.1054666564],[0.5502450466,1.0,0.2526139021,-0.0744703934],[0.317111522,0.2526139021,1.0,0.417334944],[0.1054666415,-0.0744703338,0.4173348844,1.0]],"40":[[1.0,0.3970672786,0.4092506766,0.5755421519],[0.3970671594,1.0,0.3670709431,0.1391964406],[0.4092505872,0.3670708537,1.0,-0.1333125979],[0.5755423903,0.1391963214,-0.1333128512,1.0]],"41":[[1.0,0.083435379,0.4655229747,0.1688994318],[0.0834354162,1.0,0.4930832684,0.2772643864],[0.4655229747,0.4930832684,1.0,0.0545942709],[0.1688994467,0.2772643864,0.0545942672,1.0]],"42":[[1.0,0.258097291,-0.0977495834,0.4938023388],[0.258097291,1.0,0.614168644,0.1479722261],[-0.0977495909,0.614168644,1.0,-0.0205760412],[0.493802309,0.1479722708,-0.0205760412,1.0]],"43":[[1.0,0.3615961969,0.240379557,0.5784138441],[0.3615961671,1.0,0.6228743792,0.1925052851],[0.240379557,0.6228744388,1.0,-0.2602850497],[0.5784138441,0.1925051808,-0.2602850795,1.0]],"44":[[1.0,0.5336181521,-0.0871849954,0.4141291082],[0.5336182117,1.0,0.576284349,0.1799574047],[-0.0871850625,0.576284349,1.0,-0.0983807892],[0.4141290784,0.1799575239,-0.0983808413,1.0]],"45":[[1.0,0.4098331928,0.3122614026,0.2447696328],[0.4098331034,1.0,0.2658671141,0.3960354328],[0.3122614622,0.2658670247,1.0,-0.0511276685],[0.2447696328,0.3960354328,-0.0511276647,1.0]],"46":[[1.0,0.4357709587,0.696467638,0.6065242887],[0.4357710183,1.0,-0.1752053499,-0.2835881114],[0.696467638,-0.1752053499,1.0,-0.3086708486],[0.6065243483,-0.2835881412,-0.3086708784,1.0]],"47":[[1.0,-0.219048664,0.6472999454,0.477730304],[-0.2190487236,1.0,0.6036909223,0.3890375793],[0.647300005,0.6036909223,1.0,-0.2751474082],[0.477730304,0.3890375495,-0.2751474082,1.0]],"48":[[1.0,0.4643013179,0.112390928,0.5871060491],[0.4643013477,1.0,0.423614502,0.0688046142],[0.1123908833,0.423614502,1.0,-0.0949614421],[0.5871059895,0.0688047409,-0.0949615315,1.0]],"49":[[1.0,0.1878440678,0.0334445722,0.4199491739],[0.1878440678,1.0,0.7133721113,0.0847143978],[0.0334445983,0.7133722305,1.0,0.2637236714],[0.4199492335,0.0847143829,0.2637236714,1.0]],"50":[[1.0,0.3383432925,0.3157199025,0.2375790328],[0.3383432627,1.0,0.344412148,-0.0161151178],[0.3157199323,0.344412148,1.0,0.2330370545],[0.2375790179,-0.0161151346,0.2330370992,1.0]],"51":[[1.0,0.5584238768,0.1472083181,0.5348572731],[0.5584239364,1.0,0.3906997144,-0.2863823175],[0.1472082138,0.3906998038,1.0,0.2584432662],[0.5348573327,-0.2863823175,0.2584432065,1.0]],"52":[[1.0,0.5657182932,0.1104280129,0.3347516358],[0.5657182336,1.0,0.5713561177,0.0097599439],[0.1104280129,0.5713561177,1.0,0.1101315841],[0.334751606,0.0097598489,0.1101317331,1.0]],"53":[[1.0,0.5578733087,0.2535967231,0.6544044018],[0.5578733087,1.0,0.3748991489,0.0490139648],[0.2535966933,0.3748991787,1.0,-0.311016351],[0.6544044018,0.0490139499,-0.311016351,1.0]],"54":[[1.0,0.1542092562,0.1923801005,0.2466084063],[0.1542092562,1.0,0.6203636527,0.4317217767],[0.1923801005,0.6203636527,1.0,-0.1837737262],[0.2466084361,0.4317217469,-0.1837737262,1.0]],"55":[[1.0,0.4553342462,0.1510210335,0.5448771715],[0.4553342462,1.0,0.4389672577,0.0893198103],[0.1510210335,0.4389672875,1.0,0.0496029109],[0.5448769927,0.0893199146,0.0496029109,1.0]],"56":[[1.0,0.1798225939,0.3087606132,0.5249670148],[0.1798226088,1.0,0.4947534502,0.1587985307],[0.3087605834,0.4947535098,1.0,-0.0432617329],[0.5249670744,0.1587985605,-0.0432617851,1.0]],"57":[[1.0,0.3036924303,-0.2905333042,0.6398125887],[0.3036925197,1.0,0.6863196492,0.0924296007],[-0.2905332744,0.6863195896,1.0,0.131105423],[0.6398125887,0.0924296603,0.1311053932,1.0]],"58":[[1.0,0.1417494863,0.4179725647,0.6180392504],[0.141749531,1.0,0.5741280913,0.3338181376],[0.4179725945,0.5741282105,1.0,-0.3338767886],[0.6180391312,0.333818078,-0.33387658,1.0]],"59":[[1.0,0.2918690443,-0.0333497263,0.6899425387],[0.2918689251,1.0,0.6994393468,0.0660060123],[-0.033349704,0.6994393468,1.0,0.0907140002],[0.6899425983,0.0660058782,0.0907140076,1.0]],"60":[[1.0,0.1197100505,0.2055820078,0.5142062902],[0.1197099239,1.0,0.5921212435,0.2631329894],[0.2055820078,0.5921213031,1.0,0.1332811564],[0.5142064691,0.2631328106,0.1332811564,1.0]],"61":[[1.0,0.3832640052,0.0875068381,0.4770340323],[0.3832639754,1.0,0.5021039844,0.1033049151],[0.0875069648,0.502104044,1.0,0.1994513869],[0.4770339131,0.1033048257,0.199451521,1.0]],"62":[[1.0,0.0002401506,0.4529583454,0.5250893831],[0.0002401612,1.0,0.5652487874,-0.0359836146],[0.4529583156,0.565248847,1.0,0.0347399861],[0.5250894427,-0.0359835438,0.034739919,1.0]],"63":[[1.0,0.392167449,0.285818547,0.3378054202],[0.3921673298,1.0,0.5265696049,0.2337852269],[0.2858186662,0.5265695453,1.0,-0.277233243],[0.3378053904,0.2337851524,-0.2772331536,1.0]],"64":[[1.0,0.3800078332,0.2765406072,0.5824344158],[0.3800078928,1.0,0.5800303221,0.0952465534],[0.2765405774,0.5800304413,1.0,-0.2805143893],[0.5824344158,0.0952465832,-0.2805143893,1.0]],"65":[[1.0,0.3297448754,0.1520591676,0.3606097698],[0.3297448456,1.0,0.4943487942,0.1759385616],[0.1520592421,0.4943487346,1.0,0.2082558572],[0.3606097102,0.1759384722,0.2082559913,1.0]],"66":[[1.0,0.4248858094,0.1495028585,0.5639296174],[0.424885869,1.0,0.5489579439,0.018653037],[0.149502784,0.5489580035,1.0,-0.1529687345],[0.5639295578,0.0186531357,-0.1529687792,1.0]],"67":[[1.0,0.3302578926,0.0119073093,0.6726776361],[0.3302578926,1.0,0.4155361354,0.1796524376],[0.0119072655,0.4155361354,1.0,-0.1485092044],[0.6726775765,0.179652527,-0.1485092193,1.0]],"68":[[1.0,0.1639677733,0.1507087946,0.6458159685],[0.1639677584,1.0,0.5974764824,0.3126191497],[0.1507088244,0.5974764228,1.0,-0.2104358971],[0.6458160877,0.3126191199,-0.2104358822,1.0]],"69":[[1.0,0.4181863964,0.5407493711,0.130995065],[0.418186456,1.0,0.2484905869,0.0820492283],[0.5407493711,0.2484906018,1.0,0.1821090579],[0.1309950352,0.0820492208,0.1821090579,1.0]],"70":[[1.0,0.1709909737,0.5912019014,0.3641350865],[0.1709909439,1.0,0.3680335283,0.4483497739],[0.591201961,0.3680335283,1.0,-0.2237211466],[0.3641351163,0.4483497739,-0.2237211615,1.0]],"71":[[1.0,0.488929987,0.0107705062,0.6614575982],[0.4889300168,1.0,0.5214131474,0.086553596],[0.0107704783,0.5214132071,1.0,-0.1525828689],[0.6614575982,0.0865535885,-0.1525828689,1.0]],"72":[[1.0,0.5761527419,0.3723857999,0.3533799648],[0.5761529207,1.0,0.3095885813,0.1570849419],[0.3723856807,0.3095887601,1.0,-0.1884436309],[0.3533798158,0.1570851207,-0.1884436458,1.0]],"73":[[1.0,0.3382513225,0.3792925477,0.7041453123],[0.3382514119,1.0,0.2353154272,-0.0222827848],[0.3792925179,0.2353154868,1.0,-0.0830755979],[0.7041452527,-0.0222826917,-0.0830755979,1.0]],"74":[[1.0,0.221639052,0.3408672512,0.5178228021],[0.221638903,1.0,0.3867222965,0.4554102123],[0.3408672512,0.3867222071,1.0,-0.1963879913],[0.5178228021,0.4554102123,-0.1963880807,1.0]],"75":[[1.0,0.3727603853,-0.0441014059,0.3133845925],[0.3727605045,1.0,0.5828616619,0.3611811399],[-0.0441014059,0.5828617811,1.0,0.000833584],[0.3133845627,0.3611811996,0.000833584,1.0]],"76":[[1.0,0.1282182932,0.1650069654,0.6377875805],[0.1282182634,1.0,0.6083828211,0.0957943946],[0.1650070995,0.6083827615,1.0,0.0536342338],[0.6377874017,0.0957943276,0.053634353,1.0]],"77":[[1.0,0.3197793067,0.2668719292,0.5665237904],[0.3197793663,1.0,0.4638491571,0.3187694848],[0.2668719292,0.4638491571,1.0,-0.2754100263],[0.56652385,0.3187695444,-0.2754100263,1.0]],"78":[[1.0,0.6414397955,-0.1785128862,0.3683404922],[0.6414397359,1.0,0.4121463597,0.1967716217],[-0.1785129011,0.4121463597,1.0,-0.0266356394],[0.3683404922,0.1967716366,-0.0266356394,1.0]],"79":[[1.0,0.1130164936,0.2811912298,0.4972237051],[0.1130164042,1.0,0.4266587496,0.3659614921],[0.2811912596,0.4266587198,1.0,-0.1374445558],[0.4972237647,0.3659614921,-0.1374445707,1.0]],"80":[[1.0,0.0799851492,0.307092458,0.6433858275],[0.0799852908,1.0,0.7265357971,0.0205844995],[0.3070922494,0.7265359163,1.0,0.008341372],[0.6433858871,0.0205846205,0.0083412034,1.0]],"81":[[1.0,0.1391337812,0.2645416856,0.5718579292],[0.139133662,1.0,0.4425162077,0.4085178673],[0.2645418048,0.4425162375,1.0,-0.1652193964],[0.571858108,0.4085176885,-0.1652192324,1.0]],"82":[[1.0,0.3604347706,0.2761282921,0.511428833],[0.360434711,1.0,0.482709378,0.034221299],[0.2761282623,0.4827093482,1.0,-0.1815201491],[0.5114288926,0.0342213213,-0.1815201938,1.0]],"83":[[1.0,0.4059961438,0.081296578,0.5998224616],[0.4059962332,1.0,0.4294061363,0.143424049],[0.0812964737,0.4294061065,1.0,0.0675412491],[0.599822402,0.1434242725,0.0675410405,1.0]],"84":[[1.0,0.4033741057,0.2294962406,0.5147096515],[0.4033739865,1.0,0.2585144341,0.0349168405],[0.2294963449,0.2585143447,1.0,0.2470064014],[0.5147096515,0.0349167623,0.2470065504,1.0]],"85":[[1.0,0.2687728703,0.4299700856,0.4193118513],[0.2687729299,1.0,0.2878500819,0.3007032275],[0.429970026,0.2878501415,1.0,-0.1674896926],[0.4193117917,0.3007032275,-0.1674896479,1.0]],"86":[[1.0,0.2657260895,0.2719419897,0.5036864877],[0.2657260895,1.0,0.5758707523,0.487221688],[0.2719419897,0.5758708715,1.0,-0.4184546471],[0.5036864281,0.4872216582,-0.4184545279,1.0]],"87":[[1.0,0.4249073267,0.0442102179,0.447268337],[0.4249073267,1.0,0.4568763971,0.1630139053],[0.0442102179,0.4568763375,1.0,0.1815817058],[0.4472683668,0.1630140245,0.1815816313,1.0]],"88":[[1.0,0.1255655289,0.1715758294,0.4970920086],[0.1255655736,1.0,0.5049749017,0.2613987625],[0.17157574,0.5049748421,1.0,0.0502482243],[0.4970920086,0.2613989413,0.0502480306,1.0]],"89":[[1.0,0.1940554231,0.5093221068,0.2584385276],[0.1940554231,1.0,0.2318563312,0.4136966169],[0.5093221068,0.2318563163,1.0,-0.1970758736],[0.2584385574,0.4136966169,-0.1970758736,1.0]],"90":[[1.0,0.4679402709,0.2839954495,0.07703688],[0.4679403007,1.0,0.3947558999,0.4207855761],[0.2839955091,0.3947558403,1.0,-0.0465716943],[0.0770369247,0.4207855165,-0.0465716943,1.0]],"91":[[1.0,0.5459918976,0.2802090943,0.6814522743],[0.5459917784,1.0,0.3286931813,-0.0380957387],[0.2802092135,0.3286930025,1.0,-0.2701377571],[0.6814522743,-0.0380957834,-0.2701377571,1.0]],"92":[[1.0,0.25364393,0.1298823655,0.626963079],[0.2536438406,1.0,0.6955049634,-0.0991690829],[0.1298824847,0.695505023,1.0,0.1169603318],[0.6269630194,-0.09916915,0.1169604287,1.0]],"93":[[1.0,0.2515254915,0.640617609,0.1799134612],[0.2515254915,1.0,0.3748617768,0.5310348272],[0.6406176686,0.3748618066,1.0,-0.2212598473],[0.1799134463,0.5310348272,-0.2212598473,1.0]],"94":[[1.0,0.7197296619,0.0954771712,0.481700182],[0.7197296619,1.0,0.456769526,-0.0870687887],[0.0954772085,0.456769526,1.0,-0.2358120233],[0.481700182,-0.0870687887,-0.2358120233,1.0]],"95":[[1.0,0.2524264157,0.3225703239,0.2636675537],[0.2524263561,1.0,0.55731076,0.564073205],[0.3225702941,0.55731076,1.0,-0.2613485157],[0.2636676133,0.5640732646,-0.2613485456,1.0]],"96":[[1.0,0.2660934627,0.608714819,0.0068555055],[0.2660934627,1.0,0.3533141911,0.0432962552],[0.6087148786,0.3533141315,1.0,0.0019686269],[0.0068555125,0.0432962514,0.0019686141,1.0]],"97":[[1.0,0.3253825903,0.3644155264,0.4149010479],[0.3253825605,1.0,0.5078837872,-0.0497790799],[0.3644154966,0.5078837276,1.0,0.0587270521],[0.4149010479,-0.049779132,0.0587270521,1.0]],"98":[[1.0,0.3427043557,0.2993229032,0.3525232673],[0.3427043259,1.0,0.404089421,0.377381891],[0.2993228436,0.4040893912,1.0,-0.1870404035],[0.3525232375,0.3773818612,-0.1870404035,1.0]],"99":[[1.0,0.2163041383,0.1781297326,0.1695587784],[0.2163041383,1.0,0.5796978474,0.2252436578],[0.1781297475,0.5796978474,1.0,0.0679032877],[0.1695587635,0.2252436429,0.0679032952,1.0]],"100":[[1.0,-0.1101522893,0.5119295716,0.7733030915],[-0.1101522595,1.0,0.6243057251,0.2648990452],[0.511929512,0.6243056655,1.0,-0.3041397333],[0.7733031511,0.2648991346,-0.3041399121,1.0]],"101":[[1.0,0.2118465304,0.532309413,0.3409959972],[0.2118465453,1.0,0.243622914,0.0692264885],[0.532309413,0.2436228842,1.0,0.265717864],[0.3409959078,0.069226563,0.265717864,1.0]],"102":[[1.0,0.1218633577,0.4721128345,0.6260845065],[0.1218634695,1.0,0.5755338669,0.1447058469],[0.472112745,0.5755339861,1.0,-0.2349784523],[0.6260845065,0.1447059363,-0.2349785566,1.0]],"103":[[1.0,0.2065207511,0.3306425214,0.6166665554],[0.2065208107,1.0,0.2835865021,0.4215398133],[0.3306424618,0.2835865617,1.0,-0.1765252501],[0.616666615,0.4215398729,-0.1765252501,1.0]],"104":[[1.0,0.1709274352,0.1886131912,0.5626941323],[0.1709274203,1.0,0.764387846,0.4895538688],[0.1886131316,0.764387846,1.0,-0.558519125],[0.5626941919,0.4895538688,-0.5585191846,1.0]],"105":[[1.0,-0.2452811301,0.6796193719,0.5087198615],[-0.2452811748,1.0,0.4290983677,0.7078135014],[0.6796194315,0.4290984571,1.0,-0.3766486049],[0.5087198019,0.7078135014,-0.3766484857,1.0]]},"corr":{"0":[[1.0,0.6920826435,0.4316092134,0.5169968009],[0.6920826435,1.0,0.5552560091,0.7177334428],[0.4316092134,0.5552560091,1.0,0.3492983878],[0.5169968009,0.7177334428,0.3492983878,1.0]],"1":[[1.0,0.3919719756,0.6343586445,0.640673995],[0.3919719756,1.0,0.545865953,0.5898828506],[0.6343586445,0.545865953,1.0,0.5628380179],[0.640673995,0.5898828506,0.5628380179,1.0]],"2":[[1.0,0.5913873315,0.6574758887,0.7350592017],[0.5913873315,1.0,0.5806773901,0.6086941361],[0.6574758887,0.5806773901,1.0,0.5545476675],[0.7350592017,0.6086941361,0.5545476675,1.0]],"3":[[1.0,0.7579562068,0.5393187404,0.81092906],[0.7579562068,1.0,0.5990257263,0.6436246037],[0.5393187404,0.5990257263,1.0,0.3180449605],[0.81092906,0.6436246037,0.3180449605,1.0]],"4":[[1.0,0.4416082501,0.4385796785,0.5493146777],[0.4416082501,1.0,0.6360734105,0.4967926145],[0.4385796785,0.6360734105,1.0,0.4264324605],[0.5493146777,0.4967926145,0.4264324605,1.0]],"5":[[1.0,0.5984396338,0.5702710152,0.468331933],[0.5984396338,1.0,0.8082460165,0.544049263],[0.5702710152,0.8082460165,1.0,0.3744139969],[0.468331933,0.544049263,0.3744139969,1.0]],"6":[[1.0,0.6607936025,0.6111643314,0.5121125579],[0.6607936025,1.0,0.7905507684,0.6740092039],[0.6111643314,0.7905507684,1.0,0.4694093466],[0.5121125579,0.6740092039,0.4694093466,1.0]],"7":[[1.0,0.6739981771,0.588078022,0.622695744],[0.6739981771,1.0,0.4814465046,0.6750207543],[0.588078022,0.4814465046,1.0,0.2807489336],[0.622695744,0.6750207543,0.2807489336,1.0]],"8":[[1.0,0.7527930737,0.6865522265,0.6361545324],[0.7527930737,1.0,0.8044183254,0.5721254349],[0.6865522265,0.8044183254,1.0,0.4908988476],[0.6361545324,0.5721254349,0.4908988476,1.0]],"9":[[1.0,0.6179397106,0.5528664589,0.7593864202],[0.6179397106,1.0,0.7360771298,0.4385767877],[0.5528664589,0.7360771298,1.0,0.2302549332],[0.7593864202,0.4385767877,0.2302549332,1.0]],"10":[[1.0,0.6239842772,0.7895767093,0.633513391],[0.6239842772,1.0,0.7663405538,0.4785298407],[0.7895767093,0.7663405538,1.0,0.6205203533],[0.633513391,0.4785298407,0.6205203533,1.0]],"11":[[1.0,0.63304919,0.6430251598,0.6495687366],[0.63304919,1.0,0.7790151834,0.3161448538],[0.6430251598,0.7790151834,1.0,0.3208500445],[0.6495687366,0.3161448538,0.3208500445,1.0]],"12":[[1.0,0.729870975,0.7050121427,0.5368399024],[0.729870975,1.0,0.8144754767,0.632902801],[0.7050121427,0.8144754767,1.0,0.4914884865],[0.5368399024,0.632902801,0.4914884865,1.0]],"13":[[1.0,0.6186763644,0.6595314145,0.632813096],[0.6186763644,1.0,0.832998991,0.5904501081],[0.6595314145,0.832998991,1.0,0.6429145932],[0.632813096,0.5904501081,0.6429145932,1.0]],"14":[[1.0,0.7698638439,0.5898535252,0.7116401792],[0.7698638439,1.0,0.7785133719,0.6544948816],[0.5898535252,0.7785133719,1.0,0.4314087629],[0.7116401792,0.6544948816,0.4314087629,1.0]],"15":[[1.0,0.6987888217,0.7363666892,0.7248629332],[0.6987888217,1.0,0.7233822346,0.733902812],[0.7363666892,0.7233822346,1.0,0.5200297236],[0.7248629332,0.733902812,0.5200297236,1.0]],"16":[[1.0,0.6490286589,0.5919193625,0.4292043447],[0.6490286589,1.0,0.6457626224,0.2925299704],[0.5919193625,0.6457626224,1.0,0.1826474816],[0.4292043447,0.2925299704,0.1826474816,1.0]],"17":[[1.0,0.7779047489,0.8722295165,0.7944369912],[0.7779047489,1.0,0.8337531686,0.6556677222],[0.8722295165,0.8337531686,1.0,0.7582038641],[0.7944369912,0.6556677222,0.7582038641,1.0]],"18":[[1.0,0.8016679287,0.6019013524,0.8249354959],[0.8016679287,1.0,0.693005085,0.6910536289],[0.6019013524,0.693005085,1.0,0.3975799084],[0.8249354959,0.6910536289,0.3975799084,1.0]],"19":[[1.0,0.5113912225,0.4826670885,0.3195108771],[0.5113912225,1.0,0.8311369419,0.0396119989],[0.4826670885,0.8311369419,1.0,-0.0224396903],[0.3195108771,0.0396119989,-0.0224396903,1.0]],"20":[[1.0,0.6920183301,0.5205770731,0.4837317467],[0.6920183301,1.0,0.7289487123,0.4554951191],[0.5205770731,0.7289487123,1.0,0.1232867464],[0.4837317467,0.4554951191,0.1232867464,1.0]],"21":[[1.0,0.5637792945,0.6917448044,0.5955044031],[0.5637792945,1.0,0.5231681466,0.5581934452],[0.6917448044,0.5231681466,1.0,0.3850979805],[0.5955044031,0.5581934452,0.3850979805,1.0]],"22":[[1.0,0.6701456308,0.7080045342,0.7694872618],[0.6701456308,1.0,0.6555307508,0.5087715387],[0.7080045342,0.6555307508,1.0,0.4239138663],[0.7694872618,0.5087715387,0.4239138663,1.0]],"23":[[1.0,0.7124909163,0.6331532598,0.7675253749],[0.7124909163,1.0,0.7905762792,0.7083185315],[0.6331532598,0.7905762792,1.0,0.5802386999],[0.7675253749,0.7083185315,0.5802386999,1.0]],"24":[[1.0,0.7572862506,0.6755074263,0.8539802432],[0.7572862506,1.0,0.7161834836,0.6454506516],[0.6755074263,0.7161834836,1.0,0.4961999655],[0.8539802432,0.6454506516,0.4961999655,1.0]],"25":[[1.0,0.528961122,0.5966371298,0.811979413],[0.528961122,1.0,0.6604396701,0.4437467456],[0.5966371298,0.6604396701,1.0,0.5002483726],[0.811979413,0.4437467456,0.5002483726,1.0]],"26":[[1.0,0.5147106051,0.3880885243,0.5373442769],[0.5147106051,1.0,0.7492675185,0.4890399873],[0.3880885243,0.7492675185,1.0,0.3050486445],[0.5373442769,0.4890399873,0.3050486445,1.0]],"27":[[1.0,0.4952768981,0.5111202002,0.478262037],[0.4952768981,1.0,0.4219668508,0.4045275748],[0.5111202002,0.4219668508,1.0,0.3171163797],[0.478262037,0.4045275748,0.3171163797,1.0]],"28":[[1.0,0.6190369725,0.7092537284,0.6629464626],[0.6190369725,1.0,0.6692774296,0.5476737022],[0.7092537284,0.6692774296,1.0,0.4331037402],[0.6629464626,0.5476737022,0.4331037402,1.0]],"29":[[1.0,0.8220774531,0.6580693722,0.7977396846],[0.8220774531,1.0,0.7119342089,0.6935428381],[0.6580693722,0.7119342089,1.0,0.4643027186],[0.7977396846,0.6935428381,0.4643027186,1.0]],"30":[[1.0,0.7598457932,0.6941848993,0.6835650802],[0.7598457932,1.0,0.7093924284,0.6259204149],[0.6941848993,0.7093924284,1.0,0.4462815225],[0.6835650802,0.6259204149,0.4462815225,1.0]],"31":[[1.0,0.7616688609,0.6261361837,0.6807441115],[0.7616688609,1.0,0.7884754539,0.5589569211],[0.6261361837,0.7884754539,1.0,0.4259491861],[0.6807441115,0.5589569211,0.4259491861,1.0]],"32":[[1.0,0.570946753,0.5321614742,0.6310622692],[0.570946753,1.0,0.760016799,0.6062369347],[0.5321614742,0.760016799,1.0,0.5158688426],[0.6310622692,0.6062369347,0.5158688426,1.0]],"33":[[1.0,0.6398060322,0.5688724518,0.6236549616],[0.6398060322,1.0,0.6244561076,0.4800800979],[0.5688724518,0.6244561076,1.0,0.3860206604],[0.6236549616,0.4800800979,0.3860206604,1.0]],"34":[[1.0,0.7072387934,0.6321678162,0.8000737429],[0.7072387934,1.0,0.7691725492,0.6692589521],[0.6321678162,0.7691725492,1.0,0.6310731173],[0.8000737429,0.6692589521,0.6310731173,1.0]],"35":[[1.0,0.6900315285,0.5530998707,0.8137543201],[0.6900315285,1.0,0.7417968512,0.5418189764],[0.5530998707,0.7417968512,1.0,0.422234416],[0.8137543201,0.5418189764,0.422234416,1.0]],"36":[[1.0,0.6393013,0.5986298919,0.8216878772],[0.6393013,1.0,0.7157170773,0.6589446068],[0.5986298919,0.7157170773,1.0,0.553022027],[0.8216878772,0.6589446068,0.553022027,1.0]],"37":[[1.0,0.4332686067,0.625475347,0.7554324865],[0.4332686067,1.0,0.7432015538,0.3941485882],[0.625475347,0.7432015538,1.0,0.5820406675],[0.7554324865,0.3941485882,0.5820406675,1.0]],"38":[[1.0,0.6861789823,0.3813209236,0.7356137037],[0.6861789823,1.0,0.6664744616,0.5175988674],[0.3813209236,0.6664744616,1.0,0.0939640552],[0.7356137037,0.5175988674,0.0939640552,1.0]],"39":[[1.0,0.7240378261,0.6567566991,0.4128142297],[0.7240378261,1.0,0.604072392,0.3219311535],[0.6567566991,0.604072392,1.0,0.5560593605],[0.4128142297,0.3219311535,0.5560593605,1.0]],"40":[[1.0,0.861400187,0.8206813931,0.8398653269],[0.861400187,1.0,0.8117184639,0.752048254],[0.8206813931,0.8117184639,1.0,0.6631308794],[0.8398653269,0.752048254,0.6631308794,1.0]],"41":[[1.0,0.5285500884,0.6605315804,0.4226194322],[0.5285500884,1.0,0.6879604459,0.4933846295],[0.6605315804,0.6879604459,1.0,0.4357457757],[0.4226194322,0.4933846295,0.4357457757,1.0]],"42":[[1.0,0.3959453404,0.1566091329,0.5655323863],[0.3959453404,1.0,0.625444591,0.3549830317],[0.1566091329,0.625444591,1.0,0.1620975733],[0.5655323863,0.3549830317,0.1620975733,1.0]],"43":[[1.0,0.8327772617,0.7334217429,0.7810818553],[0.8327772617,1.0,0.8394482136,0.6657363176],[0.7334217429,0.8394482136,1.0,0.4964293838],[0.7810818553,0.6657363176,0.4964293838,1.0]],"44":[[1.0,0.7343063354,0.4085070193,0.6480079293],[0.7343063354,1.0,0.6539402008,0.5558159947],[0.4085070193,0.6539402008,1.0,0.2704436779],[0.6480079293,0.5558159947,0.2704436779,1.0]],"45":[[1.0,0.7110446095,0.5835924149,0.5873348713],[0.7110446095,1.0,0.5689049959,0.6440657973],[0.5835924149,0.5689049959,1.0,0.3837434947],[0.5873348713,0.6440657973,0.3837434947,1.0]],"46":[[1.0,0.3789396882,0.6805170178,0.5350934863],[0.3789396882,1.0,0.1961611062,0.0132005746],[0.6805170178,0.1961611062,1.0,0.1985923052],[0.5350934863,0.0132005746,0.1985923052,1.0]],"47":[[1.0,0.4594027698,0.70963943,0.5348106027],[0.4594027698,1.0,0.6775624752,0.464877665],[0.70963943,0.6775624752,1.0,0.3479372561],[0.5348106027,0.464877665,0.3479372561,1.0]],"48":[[1.0,0.7222139239,0.4692887068,0.7287746668],[0.7222139239,1.0,0.5967472792,0.543125391],[0.4692887068,0.5967472792,1.0,0.2993150651],[0.7287746668,0.543125391,0.2993150651,1.0]],"49":[[1.0,0.5874053836,0.5666321516,0.6515099406],[0.5874053836,1.0,0.8423841,0.6319583058],[0.5666321516,0.8423841,1.0,0.6607156396],[0.6515099406,0.6319583058,0.6607156396,1.0]],"50":[[1.0,0.5601757169,0.5850435495,0.4302606583],[0.5601757169,1.0,0.56723243,0.2950652242],[0.5850435495,0.56723243,1.0,0.4313103855],[0.4302606583,0.2950652242,0.4313103855,1.0]],"51":[[1.0,0.7047010064,0.6399928331,0.6344733834],[0.7047010064,1.0,0.6405435801,0.3350277841],[0.6399928331,0.6405435801,1.0,0.5065736771],[0.6344733834,0.3350277841,0.5065736771,1.0]],"52":[[1.0,0.8581921458,0.7738073468,0.6625236273],[0.8581921458,1.0,0.8524861336,0.6051242352],[0.7738073468,0.8524861336,1.0,0.5818386078],[0.6625236273,0.6051242352,0.5818386078,1.0]],"53":[[1.0,0.8732571602,0.6316975355,0.8353729844],[0.8732571602,1.0,0.6960493326,0.7117888331],[0.6316975355,0.6960493326,1.0,0.3943782449],[0.8353729844,0.7117888331,0.3943782449,1.0]],"54":[[1.0,0.4997454584,0.445197016,0.4291080832],[0.4997454584,1.0,0.6965106726,0.5371634364],[0.445197016,0.6965106726,1.0,0.2881318033],[0.4291080832,0.5371634364,0.2881318033,1.0]],"55":[[1.0,0.7974244952,0.6751334667,0.786126852],[0.7974244952,1.0,0.7390491962,0.6751368642],[0.6751334667,0.7390491962,1.0,0.5779260993],[0.786126852,0.6751368642,0.5779260993,1.0]],"56":[[1.0,0.5853613019,0.5944640636,0.6655261517],[0.5853613019,1.0,0.6711423993,0.486399442],[0.5944640636,0.6711423993,1.0,0.4214088321],[0.6655261517,0.486399442,0.4214088321,1.0]],"57":[[1.0,0.4140495956,0.1030474156,0.7006325722],[0.4140495956,1.0,0.6841403842,0.4555381835],[0.1030474156,0.6841403842,1.0,0.2627876401],[0.7006325722,0.4555381835,0.2627876401,1.0]],"58":[[1.0,0.7549098134,0.7036457062,0.7740551829],[0.7549098134,1.0,0.7740470767,0.6611160636],[0.7036457062,0.7740470767,1.0,0.4622157514],[0.7740551829,0.6611160636,0.4622157514,1.0]],"59":[[1.0,0.7043483853,0.5977900624,0.8320093751],[0.7043483853,1.0,0.8254215121,0.6579913497],[0.5977900624,0.8254215121,1.0,0.5830901265],[0.8320093751,0.6579913497,0.5830901265,1.0]],"60":[[1.0,0.7271246314,0.731107533,0.8010713458],[0.7271246314,1.0,0.8403397799,0.7592517138],[0.731107533,0.8403397799,1.0,0.7386737466],[0.8010713458,0.7592517138,0.7386737466,1.0]],"61":[[1.0,0.7369197011,0.6509679556,0.7412114143],[0.7369197011,1.0,0.7558836341,0.6560073495],[0.6509679556,0.7558836341,1.0,0.6323645711],[0.7412114143,0.6560073495,0.6323645711,1.0]],"62":[[1.0,0.4224745929,0.6562756896,0.6396266818],[0.4224745929,1.0,0.6649366021,0.2575183511],[0.6562756896,0.6649366021,1.0,0.4316291511],[0.6396266818,0.2575183511,0.4316291511,1.0]],"63":[[1.0,0.7284362316,0.6258950233,0.4747575223],[0.7284362316,1.0,0.7205588818,0.411462605],[0.6258950233,0.7205588818,1.0,0.1700587422],[0.4747575223,0.411462605,0.1700587422,1.0]],"64":[[1.0,0.7711284757,0.6649139524,0.6751477718],[0.7711284757,1.0,0.7904710174,0.4816891849],[0.6649139524,0.7904710174,1.0,0.2972346544],[0.6751477718,0.4816891849,0.2972346544,1.0]],"65":[[1.0,0.6989383698,0.6430702209,0.6728096604],[0.6989383698,1.0,0.7518139482,0.6448078156],[0.6430702209,0.7518139482,1.0,0.6293544173],[0.6728096604,0.6448078156,0.6293544173,1.0]],"66":[[1.0,0.6855460405,0.5214416981,0.6404597163],[0.6855460405,1.0,0.7022488713,0.3960386515],[0.5214416981,0.7022488713,1.0,0.2228377461],[0.6404597163,0.3960386515,0.2228377461,1.0]],"67":[[1.0,0.6273498535,0.1767842025,0.7855678797],[0.6273498535,1.0,0.4178060591,0.5578306913],[0.1767842025,0.4178060591,1.0,0.0896590576],[0.7855678797,0.5578306913,0.0896590576,1.0]],"68":[[1.0,0.6281707883,0.4358948469,0.7728036642],[0.6281707883,1.0,0.6753688455,0.6042508483],[0.4358948469,0.6753688455,1.0,0.3201303482],[0.7728036642,0.6042508483,0.3201303482,1.0]],"69":[[1.0,0.7521074414,0.8007826209,0.5050323009],[0.7521074414,1.0,0.7090057731,0.456510514],[0.8007826209,0.7090057731,1.0,0.5128612518],[0.5050323009,0.456510514,0.5128612518,1.0]],"70":[[1.0,0.7288330197,0.7851532698,0.6439040303],[0.7288330197,1.0,0.704128921,0.6823384762],[0.7851532698,0.704128921,1.0,0.4735549688],[0.6439040303,0.6823384762,0.4735549688,1.0]],"71":[[1.0,0.7837537527,0.4373365641,0.8238033056],[0.7837537527,1.0,0.6317445636,0.6515938044],[0.4373365641,0.6317445636,1.0,0.297614634],[0.8238033056,0.6515938044,0.297614634,1.0]],"72":[[1.0,0.8616781235,0.7575693727,0.6365932822],[0.8616781235,1.0,0.749632895,0.5914715528],[0.7575693727,0.749632895,1.0,0.409059763],[0.6365932822,0.5914715528,0.409059763,1.0]],"73":[[1.0,0.6486190557,0.6492190361,0.8036042452],[0.6486190557,1.0,0.5617998242,0.5047577024],[0.6492190361,0.5617998242,1.0,0.4836946726],[0.8036042452,0.5047577024,0.4836946726,1.0]],"74":[[1.0,0.7727621198,0.6511231661,0.7958362699],[0.7727621198,1.0,0.6686683893,0.7778373957],[0.6511231661,0.6686683893,1.0,0.5086669922],[0.7958362699,0.7778373957,0.5086669922,1.0]],"75":[[1.0,0.6660599709,0.4553358555,0.6219715476],[0.6660599709,1.0,0.7205188274,0.6759900451],[0.4553358555,0.7205188274,1.0,0.4793541133],[0.6219715476,0.6759900451,0.4793541133,1.0]],"76":[[1.0,0.5342689157,0.538705349,0.7470831871],[0.5342689157,1.0,0.7271978259,0.4917162359],[0.538705349,0.7271978259,1.0,0.4832986295],[0.7470831871,0.4917162359,0.4832986295,1.0]],"77":[[1.0,0.7738113999,0.577339232,0.7796737552],[0.7738113999,1.0,0.6602867246,0.6932320595],[0.577339232,0.6602867246,1.0,0.372956574],[0.7796737552,0.6932320595,0.372956574,1.0]],"78":[[1.0,0.7838867307,0.2164467573,0.6682401896],[0.7838867307,1.0,0.4226741791,0.6203227043],[0.2164467573,0.4226741791,1.0,0.1895269901],[0.6682401896,0.6203227043,0.1895269901,1.0]],"79":[[1.0,0.5259010196,0.4665651619,0.6341691017],[0.5259010196,1.0,0.5536310673,0.5604886413],[0.4665651619,0.5536310673,1.0,0.3125465512],[0.6341691017,0.5604886413,0.3125465512,1.0]],"80":[[1.0,0.6664156318,0.7283303142,0.7871274352],[0.6664156318,1.0,0.8577066064,0.5439172387],[0.7283303142,0.8577066064,1.0,0.5893176794],[0.7871274352,0.5439172387,0.5893176794,1.0]],"81":[[1.0,0.6592271924,0.5293061733,0.7530565858],[0.6592271924,1.0,0.6169326305,0.6852180958],[0.5293061733,0.6169326305,1.0,0.4104579389],[0.7530565858,0.6852180958,0.4104579389,1.0]],"82":[[1.0,0.6373792291,0.5479489565,0.5572730899],[0.6373792291,1.0,0.6635853648,0.3171187341],[0.5479489565,0.6635853648,1.0,0.1756283045],[0.5572730899,0.3171187341,0.1756283045,1.0]],"83":[[1.0,0.7766752839,0.611189425,0.8214566112],[0.7766752839,1.0,0.6969048977,0.7083477974],[0.611189425,0.6969048977,1.0,0.5689362884],[0.8214566112,0.7083477974,0.5689362884,1.0]],"84":[[1.0,0.7028992772,0.6740081906,0.7602630258],[0.7028992772,1.0,0.6190286279,0.5838527679],[0.6740081906,0.6190286279,1.0,0.6402276158],[0.7602630258,0.5838527679,0.6402276158,1.0]],"85":[[1.0,0.6276257634,0.6000795364,0.5956369042],[0.6276257634,1.0,0.5351189971,0.5423358083],[0.6000795364,0.5351189971,1.0,0.3017742634],[0.5956369042,0.5423358083,0.3017742634,1.0]],"86":[[1.0,0.8093329668,0.6097881198,0.7824680805],[0.8093329668,1.0,0.7137678266,0.7562454343],[0.6097881198,0.7137678266,1.0,0.3837529123],[0.7824680805,0.7562454343,0.3837529123,1.0]],"87":[[1.0,0.7423004508,0.5955536962,0.7265945077],[0.7423004508,1.0,0.7142641544,0.6705991626],[0.5955536962,0.7142641544,1.0,0.5951966643],[0.7265945077,0.6705991626,0.5951966643,1.0]],"88":[[1.0,0.5192229748,0.4873631895,0.6527202129],[0.5192229748,1.0,0.6554271579,0.5543054938],[0.4873631895,0.6554271579,1.0,0.4635298252],[0.6527202129,0.5543054938,0.4635298252,1.0]],"89":[[1.0,0.4894883037,0.5828689933,0.3869787157],[0.4894883037,1.0,0.4057365656,0.50104177],[0.5828689933,0.4057365656,1.0,0.1411746144],[0.3869787157,0.50104177,0.1411746144,1.0]],"90":[[1.0,0.7659377456,0.6734024882,0.5251402855],[0.7659377456,1.0,0.7127507329,0.6419975758],[0.6734024882,0.7127507329,1.0,0.4442805946],[0.5251402855,0.6419975758,0.4442805946,1.0]],"91":[[1.0,0.8183121085,0.5877527595,0.7914569378],[0.8183121085,1.0,0.6453670859,0.5997471213],[0.5877527595,0.6453670859,1.0,0.3179976046],[0.7914569378,0.5997471213,0.3179976046,1.0]],"92":[[1.0,0.6145259738,0.6189748645,0.7319565415],[0.6145259738,1.0,0.8091549873,0.4375372231],[0.6189748645,0.8091549873,1.0,0.490277648],[0.7319565415,0.4375372231,0.490277648,1.0]],"93":[[1.0,0.8251999617,0.8742316365,0.6260864735],[0.8251999617,1.0,0.8076832891,0.7358791232],[0.8742316365,0.8076832891,1.0,0.5375137329],[0.6260864735,0.7358791232,0.5375137329,1.0]],"94":[[1.0,0.87